KL_LOSS_COEF: 2.230892356965935
LR: 0.025465146013269956
SEED: 366
SPECTRAL_LOSS_COEF: 0.35429814173995233
PHASE_LOSS_COEF: 40
NOISE_LOSS_COEF: 10
WAVEFORM_LOSS_COEF: 13.00446061787645
WAVEFORM_LOSS_DECREASE_RATE: 0.1439707079882949
WAVEFORM_LOSS_MULTIPLIER: 19.647621138164737
SEMANTIC_LOSS_COEF: 4.17022004702574